26 LITTERAE QUADRIMESTRES

Η6661116101156 (161 (161·13(1610 ¹ (113 d'Abril hasta 3013, 0116 65
61 116111110 (16 0116 V. R. tiene recado (16 105 0116 61311 1666111005,
11626 116111131105, (16 105 0113165 173 30111 1111 1716111 2. Μ1161105 11170,
0116 110 01115161011 36611131, 0116 1135311311 (16 01131161113 ;-y 5161111116
1131 algunos (1116 1110611 0116 105 166111311, 601110 3013, 0116 andan
611 6556 16011611111161110 0113110, 0116 11611611 1111117 111161135 1131165.

Ι)13 delos 53116105, 0116 3013 11350, 601111111131011 5115 170105105
0116105 16111311 11661105, 17105 (1611135 105 1112161011 1611161130 6513
111311613. A 135 (105 110135 17 11161113 6165111165 (16 media 1106116, 1101
631153 (1613 gente 0116 5161111116 0611116, 111610111131113305 10305, y
(16 3111 3 1111 1310 56 311111131011 611 13 63111113, 171116ξο 61 113(116 Ε5-
11·3(13 11120 11113 1116016361011 y 101110 1101· 161113 30116110 (16 5311 Μ3-
11160, 50 ; Gaudete et exultate, quonsmn merces vestra copiosa
cst sn coelis. Acabado 61 561111011, 611111620 61 113(11·6 5311613 6111213
1111553 17 (1361161100 601151111111, 6011 61 5311610 53613111161110 611135
11131105, 1161331333 13 1702, 11120 105 10105 171116ςο 6011511111170; y
1165111165, 31 (131· (16 13 6011111111011, 17113 11110 17 11110 17 (16 13 misma
manera 10 11321311. Dur& 1161· grande 65113610 (16 116111110 6011 601111-
111135 1381111135 17 111116113 (1617061011 y edefieacion. Acabado 6510,
65131130 3551711111105 (1311(10 gracias 3 111165110 561101, 171110 61 Ρ3-
1116 5311613 61112 1165111165 (16 56 (1651765111, 17 611 10311135 (16131116 (161
53613111161110, 0116 6513 Va 611 61 31131, 11120 11113 11131163 611 601110 1105
31113113 611 511 31111113 1101· 311101· (16 Jesu-Cristo y 0116 1101· 511111156
1111117 (1616613050 y no 561· 11313 61 63116ςο 0116 161113, 35517 por 5115
(16166105ζ601110 1101 5115 17110651105516101165, 1101· 10 (11131 1105 podia
escandalizar, 1105 pediale 1161-(101135611105 10 1135300 17 0116 1101
311101 (16 111165110 561101 11111165611105 3 1111651105 Superiores (11655611
301161 6111113110 3 0110. Ε510 6011 1111161135 1311113135 17 1131311135
01135, 0116ζ(11Χο, 631150 611 ‘nodos 105 (16513 6353 111116110 exemplo y
6116116361011, 11010116 5115 011135 111116511311 111611 10 6011113110 (16 10
0116 (16 517 5161116. Α63113(1313 11131163 31113201105 3 todos uno y
uno 6011 111116113 111111111(13(1 17 61131·1(13(1. Lo mismo 1112111105 111105 3
01105 (1311(101105 61 561101· 111161705 fervores y deseos (16 561171116
11611661311161116. 13132613 3 El por 511 1)011(13(1 171111161153 0116 1105
(1313 gracia 11313 6110.

Los (1135 1135531105 vino un moro (16 511116113 3 11326156 611115-

¹ derradero dm, postremus (1165.
“-’ ytem, item, catalogus.

