A N. 1552 5:30

mi 016 03165610, 10 (10110 36 51, y 6611303010 fuera del 100113516-
rio, 56 113 6010602330 3 331· 3 000165. Viendo esto, 56 1001116100
01135, y 6010160230 3 11361016, (10160 003 6053, 00160 0113, 36
10 que 165 03165613 160130 500611100, (111160 3 36611016 (106 016
(13113 001 inventario todo 10 (106 16013, 0313 (106 510 (1011356 10
(106 (10151656 y (106 01360356 yo: (106 51 13 10303303 quitar todo,
113513 (106331 5010 60 003 53513, (106 10 haria. Era cosa para
313031 31 56001· ver 3 0035110131, 3 01135 06311106 6011165100,
01135 10831016 (106 10656 3113 10061135 516665, (106 56113 50 16016-
31ος 01135 3033156 1135 101 1005113030 505 63103135 0313 (106
11656 51 113013 500611100, 616. Ε510 56 113 160130 3 0106110 60 6513
610333, 001 561 31106110003516110 60 quien han 601603130 01οτ
61105 001 (1016131 y 110 1130 003130. Han elegido conformes
10335, nemine discrepante Γ, 0113 Αο033653 51 61001330 31 Ε1006-
13301 0313 (106 tenga por 00603 13 61661100. No 56 5306 10 (106
1650003613, 0011106 56 016053 (1116 (101616 61 00061 36 50 mano
003 1135133 ¹

Quanto 3 11065110 60161110, 513 005 113 3330 61 56001· Don Η61-
113030 ² (1031106160105 3063305 0313 351033 36 60100131 003
6353, 51 01105 (106 3510330, 113513 1011 3063305. ΝΟ 1131131005 6053
(106 005 60016016, y por 650 00 65 6010011333 113513 311013. Um
630001ξο 36513 iglesia, (106 56 113013 Juan Μ3111062, 106 113 06-
3130 (106, 16016030 00501105 6353, (106113 vivis 600 00501105,
(1303016 00 30056010 60 (106 56 1660111656, 65 10051 00611 11010016,
11606 3005 113 6001602330 00 01006516110 0313 300661135, 51 (101-
51613 61113110 113061 160130 0011613 36 13 (3001031113 (103030 16
(·0016020; (106 00063 0313 0110510 11121613, segun 61 3166, sino
0313 13 0001031113 36 ]6505. Todavia 3166 (106, 60100 36306
3306113 0013, que 6513 513 obligado 3 36303113, (106 13100160
35103313 3 0065113 0013. Del 65131· 600 00501105 510 dixe (106
6561101113 3 V. R.

La Condesa 36 050100 106 65611010 10061135 116665, 51 60100
5’0 3650065 36 11306113 130 3 60016531 016 5605356 50016 61 101-
031 3113 6333 1065, 60100 6113 (106113, 0011106 113113 510 gran salta
60 13 610333, 513 (106 13 061106 011 133, 011656113 36 13 6100131 31

¹ Abscissa chartae 013, deest unum :tut ad summum duo vocabula, quae non temere
quis esse dixerit haec: desuera.

Ξ Ferdinandus de Mendoza, Francisci de Mendoza, Burgensis Episcopi et Cardina-
lis, frater.

