494 LITTERAE QUADRIMESTRES

56 fue} el Ρ3316 3 17151131 3 Μ311111 831613, (1116 31133 5161111316 611-
1611110, 57 (3111131611 visit& 3 13 81*st Dofia Ι531361, 511 11611113113 361
1³.ss Provincial ¹; y 36 3111 1105 fuimos 31 1105131131 36 13 Magda-
16113, 301136 V. P. quiso 130531 (11131130 vino 3 6513 116113, 57 351
1105 11611105 gozado 10305 611 61 561101 36 130531· 611 13 111651113-
6353, 57 65136613111161116 61 Ρ3316 Francisco, que (111150 6011161 611
13 111651113 111651113, (101136 V. P. solia 6011161, y 611 13 111651113 63-
111613 301136 50113 30111111. Η311311105 13111111611 61 111651110 (11131-
tago (1116 V. P. 36Χο 31 1105111131 figora diez y 5615 31105, y 6513
1111157 gordo y muy 13116110 y Sirve hoy 611 313 muy 131611 3 13 6353;
65 privilegiado 611 ΑΖ1361113, (1116 31111(1116 611116 611 105 1331165,
3151111111311 6011 61. Ε1 133316 Ρ1·31161560 (1166 501316 61; respexit
Dominus ad Abel et ad munem ejus.

Η611105 5130 1111157 131611 11313305 13 1106116 1335333 , 51110 (1116 13
5611013 (16 1405013, 601110 65 133110113 (161 1105131131, 110 113 13611111-
1130 (1116 651313165611105 11135 611 61, 51110 (1116 1713165611105 3 511 6353;
y 351 6513 1113113113 61 133316 Francisco y yo, 6011 1111651105 53605
3 61165135, 1105 17111111105 1313161130 1111105113 113513 61 11101165161·10 36
135 1363135, y 3111 3137111105 111153, y (165131165 170117111105 3 1011131
1111651105 53605 y 3111105 11113 17116113 1363116113 1301 305 ό 1165 63-
1165, y 1116 131113 13 1111105113 (1116 110 13031311105 11613113 361165135,
51110 (1116 105 1111511105 (1116 13 3313311 56 1110171311 3 1161711113. Τ1·11Χ1-
11105 1165 grandes 6311351135 36 13311, 6661113 57 13656330 y 01135
60535, 105 6113165 1105 11311 (1330 1301 13 13011(13(1 (16 Dios 6011 11111-
6113 3161131113 y (1617061011.

Con 6510 1105 1163311105 361111 3 13 6353 36 11057013, 3301136 1105
(1161011 1111105113, 31161136 36 135 (1116 6011111111311161116 1105 1136611. El
Domingo 13161153 61 Ρ3316 1113361560 131631631, 51 116116 531113, 57
volves 3 3601331· 3 105 361 131161310 algunas 60511135, (1116 V. P.
(16]’0 3561113335 (11131130 aqui estuvo, (1116110 0135131116 (1116 105 1311-
1116105 31105 56 3113133103 1111157 131611, agora 6011 61 116111130 56 van
01171331130.

Quanto 3 10 3611135 110 56 1116 0116566 (1116 36Ζ11·, 51110 (1116 10305
651311105 1111157131161105 y 60115013305 por 13 13011333 36 Dios 361
fruto (1116 56 60111161163 3 113261 611 6513 116113, 13013116 110 5010 611
vergara, 11135 611 ΑΖ1361113 56 11311 comulgado 30561611135 6111-
61161113 1361501135, y 611 011316 1111161135, y 611 Mondragon algunas,

¹ Soror, 56., Patris Α1110111136 Araoz, Ρ1ον111613115111 Hispania.

